38984	14284	393	0	0	4494	30432	30669	1114	0	0	112	1270	9157	34	0	0	0	13	18	0	0	0	0	0	139	376	0	0	0	998	11708	10992	362	0	56	2699	12088	23485	167	0	1	22	4827	556	0	0	0	0	1	3	0	0	0	0	11	108	227	2	0	25	636	4725	14482	174	0	14	2113	25653	8665	0	0	0	1	88	0	0	0	0	0	1	0	2	0	0	2	6	54	72	1	3	16	838	25564	20593	0	0	4	407	4712	0	0	0	0	0	0	0	0	0	0	0	0	0	0	0	0	0	7	69	46	0	0	7	766	14452	
12465	496	0	0	0	4933	9128	20	0	0	1	1	7	4	0	0	0	0	1	1	0	0	0	0	0	31	40	0	0	0	170	24274	2281	0	0	0	2371	1673	14	0	0	1	0	0	0	0	0	0	0	0	0	1	0	0	0	191	3126	152	0	0	2	210	4945	2163	0	0	0	7	7958	0	0	0	0	0	0	0	0	0	0	0	30	460	2	0	0	55	891	1385	153	0	0	26	99	9376	169	0	0	0	1	22	0	0	0	0	0	0	0	0	0	0	96	720	1067	0	0	24	986	5359	1363	31	0	0	38	860	120	
9618	80	24	0	0	1887	542	27	1	0	0	0	1	1	0	0	0	0	0	0	0	0	0	0	0	328	1	0	0	0	8470	13326	4251	24	0	884	4035	3616	143	0	0	0	1	8	0	0	0	0	0	0	0	0	0	0	0	0	17	13	1	0	393	3180	5683	3224	10	49	1044	886	1285	1117	0	0	0	0	6	0	0	0	0	0	0	0	0	0	0	0	11	29	13	0	2	786	1173	4446	2582	0	87	262	91	6749	0	0	0	0	0	0	0	0	0	0	0	0	0	0	0	0	0	41	57	40	0	0	111	272	21552	
25324	367	5	0	0	22760	11625	5042	4583	4	0	0	12	5367	2081	0	0	0	0	0	0	0	0	0	0	482	0	0	0	0	20243	44048	3044	351	0	985	5952	2713	6002	5720	0	10	5	6	2	0	0	0	0	0	0	0	0	0	0	505	726	1	0	0	762	14993	5329	4084	633	11	5308	1520	4891	1975	0	0	0	0	0	0	0	0	0	0	0	1	0	0	0	0	4402	1434	26	1	0	2773	8728	5528	18415	0	1	19	108	10767	0	0	0	0	0	0	0	0	0	0	0	0	0	0	0	0	0	1798	891	107	0	0	40	1245	2995	
6869	10428	0	0	0	523	11413	579	0	0	0	0	0	0	0	0	0	0	0	0	0	0	0	0	0	643	8	0	0	0	2956	17100	6577	0	0	13	530	3255	141	0	0	0	0	0	0	0	0	0	0	0	0	0	0	0	0	119	770	2	0	0	8	2256	1409	2382	0	0	5	11	5659	10370	0	0	0	0	0	0	0	0	0	0	0	0	0	0	0	0	81	42	0	0	0	7	86	3438	10262	0	0	0	7	6024	0	0	0	0	0	0	0	0	0	0	0	0	0	0	0	0	0	0	0	0	0	0	0	9	6709	
270	0	0	0	0	0	0	0	0	0	0	0	0	0	0	0	0	0	0	0	0	0	0	0	0	0	0	0	0	0	0	45233	126	0	0	0	293	168	0	0	0	0	0	0	0	0	0	0	0	0	0	0	0	0	0	0	0	1	0	0	0	392	78494	4	0	0	0	422	8	0	0	0	0	0	0	0	0	0	0	0	0	0	0	0	0	0	0	1133	0	0	0	0	2099	957	0	0	0	0	0	0	0	0	0	0	0	0	0	0	0	0	0	0	0	0	0	0	0	0	0	0	0	0	0	0	0	
5597	3977	0	0	0	33	5654	0	0	0	0	0	0	0	0	0	0	0	0	0	0	0	0	0	0	0	24	0	0	0	42	65623	54	0	0	0	3029	723	0	0	0	0	0	0	0	0	0	0	0	0	0	0	0	0	0	0	57	2	0	0	0	1313	41224	0	0	0	0	17	1	0	0	0	0	0	0	0	0	0	0	0	0	0	0	0	0	0	0	210	0	0	0	0	781	1237	0	0	0	0	0	0	0	0	0	0	0	0	0	0	0	0	0	0	0	0	0	0	0	0	0	0	0	0	0	2	0	
11	2	0	0	0	0	1	0	0	0	0	0	0	0	0	0	0	0	0	0	0	0	0	0	0	285	156	0	0	0	698	29167	42	0	0	0	1530	1043	0	0	0	0	0	0	0	0	0	0	0	0	0	0	0	0	0	0	2136	14	0	0	0	8191	29632	8285	0	0	0	967	22398	0	0	0	0	0	0	0	0	0	0	0	0	0	0	0	0	0	0	278	5	0	0	0	710	90329	0	0	0	0	0	0	0	0	0	0	0	0	0	0	0	0	0	0	0	0	0	0	0	0	0	0	0	0	0	0	0	
11084	5746	0	0	0	207	61063	0	0	0	0	0	0	0	0	0	0	0	0	0	0	0	0	0	0	1611	0	0	0	0	11270	75778	25984	0	0	0	9	105	0	0	0	0	0	0	0	0	0	0	0	0	0	0	0	0	0	65	181	8954	0	0	68	464	22899	8	0	0	0	0	0	0	0	0	0	0	0	0	0	0	0	0	0	0	0	0	0	0	18	1960	1603	0	0	14	8	51	0	0	0	0	0	0	0	0	0	0	0	0	0	0	0	0	0	0	0	5	0	0	0	0	72	0	0	0	0	0	0	
3284	2128	0	0	0	0	2245	0	0	0	0	0	0	0	0	0	0	0	0	0	0	0	0	0	0	0	0	0	0	0	0	61592	4219	0	0	0	0	7739	0	0	0	0	0	0	0	0	0	0	0	0	0	0	0	0	0	0	0	0	0	0	0	0	17484	3751	0	0	0	0	13960	0	0	0	0	0	0	0	0	0	0	0	0	0	0	0	0	0	0	0	0	0	0	0	0	46215	77	0	0	0	5	618	0	0	0	0	0	0	0	0	0	0	0	0	0	0	0	0	0	0	0	0	0	0	0	0	0	
4	228	
12	204	
23	247	
13	224	
17	235	
55	157	
27	143	
54	200	
24	125	
35	210	
